+0.000441
+0.000207
+0.000195
+0.000213
+0.000202
+0.000227
+0.000236
+0.000243
+0.000251
+0.000274
+0.000262
+0.000219
+0.000289
+0.000300
+0.000305
+0.000265
+0.000307
+0.000908
+0.000329
+0.000314
+0.000336
+0.000334
+0.000336
+0.000345
+0.000355
+0.000370
+0.000364
+0.000381
+0.000393
+0.000399
+0.000359
+0.000387
+0.000325
+0.000403
+0.000430
+0.000419
+0.000425
+0.000430
+0.000451
+0.000462
+0.000362
+0.000461
+0.000555
+0.000418
+0.000486
+0.000487
+0.000532
+0.000472
+0.000503
+0.000503
+0.000491
+0.000516
+0.000513
+0.000530
+0.000521
+0.000540
+0.000369
+0.000517
+0.000543
+0.000559
+0.000544
+0.000567
+0.000582
+0.000551
+0.000552
+0.000563
+0.000560
+0.000587
+0.000570
+0.000572
+0.000634
+0.000567
+0.000537
+0.000603
+0.000578
+0.000862
+0.000590
+0.000596
+0.000643
+0.000587
+0.000601
+0.000623
+0.000568
+0.000606
+0.000624
+0.000618
+0.000605
+0.000610
+0.000609
+0.000615
+0.000598
+0.000643
+0.000635
+0.000616
+0.000616
+0.000651
+0.000578
+0.000621
+0.000616
+0.000287
